-7 .3
8 .005
12 .3
8 .005
12 .3
-5 .15
7 .15
10 .005
14 .6

-4 .3
12 .005
15 .3
12 .005
15 .3
-5 .15
7 .15
10 .005
14 .6

-7 .3
8 .005
12 .3
8 .005
12 .3
-5 .15
7 .15
10 .005
14 .6

-4 .3
12 .005
15 .3
12 .005
15 .3
-5 .15
7 .15
10 .005
14 .6

-7 .005
5 .15
8 .15
8 .005
12 .005
17 .3
8 .005
12 .3
-5 .005
5 .15
8 .15
10 .005
14 .005
17 .6

-4 .005
19 .3
12 .005
15 .15
20 .15
12 .005
15 .005
19 .15
20 .15
-5 .005
19 .15
15 .15
10 .005
14 .005
12 .6

1 .005
12 .3
8 .005
12 .005
5 .3
8 .005
12 .005
8 .15
10 .15
-4 .005
12 .3
8 .005
12 .6

1 .005
12 .3
8 .005
12 .005
5 .3
8 .005
12 .005
8 .15
10 .15
0 .005
7 .3
7 .005
12 .6

-7 .005
5 .15
8 .15
8 .005
12 .005
17 .3
8 .005
12 .3
-5 .005
5 .15
8 .15
10 .005
14 .005
17 .6

-4 .005
19 .3
12 .005
15 .15
20 .15
12 .005
15 .005
19 .15
20 .15
-5 .005
19 .15
15 .15
10 .005
14 .005
12 .6

1 .005
12 .3
8 .005
12 .005
5 .3
8 .005
12 .005
8 .15
10 .15
12 .005
7 .3
7 .005
12 .3
12 .3
5 .9